0	1	1.31795e-05	0	0.000110581	0	1.97796e-06	-0	1.36971e-05	0	0.000118397	0	3.99272e-06	-0	0	0	0	0	0	0	0	0	0	0	0	0	0	0	0	0	0	0	0	0	0	0	0	0
0	2	4.75818e-07	0	1.59982e-05	-0	7.23003e-07	0	5.6298e-07	0	1.65888e-05	-0	8.03364e-07	0	0	0	0	0	0	0	0	0	0	0	0	0	0	0	0	0	0	0	0	0	0	0	0	0
1	1	6.37361e-07	0	2.3128e-05	-0	8.53438e-07	0	5.96948e-07	0	2.5185e-05	-0	3.27112e-07	0	0	0	0	0	0	0	0	0	0	0	0	0	0	0	0	0	0	0	0	0	0	0	0	0
1	2	1.54769e-07	0	6.4314e-06	-0	1.33849e-07	0	1.60001e-07	0	7.05837e-06	-0	1.74882e-07	0	0	0	0	0	0	0	0	0	0	0	0	0	0	0	0	0	0	0	0	0	0	0	0	0
2	1	2.2772e-07	0	1.06484e-05	0	2.17922e-07	-0	1.54155e-07	0	8.71828e-06	-0	1.24451e-07	0	0.00204611	1.22956e-06	0.000140683	-7.37871e-07	9.81562e-05	2.73628e-07	0.00245674	3.8328e-06	9.136e-05	-1.28094e-06	0.000127613	1.57406e-07	0.00318408	6.55231e-06	0.0020987	2.5259e-08	0.000577265	-2.22677e-08	0.00979673	0	0.000742169	-0	4.94591e-05	0
2	2	1.02486e-07	0	5.16671e-06	-0	9.89591e-08	0	1.11499e-07	0	5.68676e-06	0	1.11914e-07	-0	0.0024579	4.91495e-06	4.02273e-05	1.71375e-07	-2.07032e-05	-3.77402e-07	0.00215092	3.998e-06	3.03641e-06	-1.24901e-06	2.20454e-05	-1.33515e-08	0.0196674	0.000286051	0.00045171	-1.75094e-07	-0.000711797	-4.36708e-08	0.00592834	0	0.000163667	0	0.000155159	-0
3	1	2.06473e-07	2.00929e-10	1.1738e-05	4.38312e-11	-1.63968e-07	-8.24086e-11	1.99519e-07	1.72679e-10	1.10421e-05	-2.89359e-11	1.46653e-07	-2.55403e-11	0.000883254	0.00040483	0.000960978	-0.00013866	0.000149472	5.59595e-05	0.000716598	0.000538315	0.00131704	-9.70123e-05	0.000108901	-0.00011649	0.00244218	0.000134784	0.000306009	-2.50289e-05	-0.000218682	-1.01257e-05	0.00128936	9.00473e-05	0.000135826	1.20467e-05	0.000103283	-6.61559e-06
3	2	2.32205e-07	5.75405e-10	1.28081e-05	-6.83049e-11	1.81835e-07	-1.61305e-10	2.15457e-07	4.40889e-10	1.26984e-05	-1.32584e-10	-1.7896e-07	-2.40554e-10	0.000270164	0.000168504	0.00168384	-3.96474e-05	-2.91178e-05	-1.16238e-05	0.00115006	0.000263429	0.00108548	-0.000164015	0.000246983	6.33819e-05	0.00193136	0.000214179	7.75524e-05	3.30379e-05	-7.72786e-05	6.15462e-06	0.00104727	0.000234773	9.49094e-05	-1.77276e-05	4.84551e-05	9.25029e-06
4	1	2.5011e-07	4.19482e-10	1.77944e-05	-1.42633e-10	2.05854e-07	2.47306e-10	3.77936e-07	1.70011e-09	2.31854e-05	8.45532e-11	-2.9186e-07	-7.73039e-10	0.00010514	6.13936e-05	0.00215267	-2.09671e-05	4.74866e-05	2.44581e-05	0.000237861	0.000229255	0.00226924	-4.20924e-05	4.75732e-05	-3.76727e-05	0.00213222	0.000220577	0.000220272	-2.35398e-05	0.000140102	1.19257e-05	0.00131584	0.000247975	0.000129594	2.95627e-05	8.80591e-05	-1.63917e-05
4	2	4.66141e-07	3.37576e-09	3.27311e-05	-4.83537e-10	3.87076e-07	1.24359e-09	2.79316e-07	1.80801e-09	2.62148e-05	-3.83241e-10	2.56111e-07	1.3782e-09	0.000116828	8.51313e-05	0.00238331	-1.3872e-05	9.74362e-06	-1.29966e-05	2.85016e-06	0.000157833	0.00285471	-4.54672e-06	5.31979e-06	6.48066e-05	0.00334818	0.000472802	7.07217e-05	6.89099e-05	-0.000101076	1.45629e-05	0.000787953	0.000249062	4.77126e-05	-1.96684e-05	2.89243e-05	8.99479e-06
5	1	1.14361e-07	3.83729e-10	8.87879e-06	-4.19672e-11	-8.936e-08	-1.6829e-10	1.52841e-07	3.48682e-10	1.15514e-05	9.39008e-11	1.28415e-07	2.29528e-10	1.48127e-05	1.33524e-05	0.000730407	-4.22673e-06	7.95305e-06	6.85515e-06	1.99907e-06	1.90618e-06	0.00102674	-4.32388e-07	3.14158e-06	-2.71898e-07	0.000984913	0.000145623	9.99033e-05	-1.74423e-05	6.12863e-05	8.28285e-06	0.000374863	3.55409e-05	4.44834e-05	-1.84625e-06	-2.28847e-05	-1.89908e-06
5	2	2.52674e-07	1.01436e-09	2.11349e-05	-1.02794e-10	1.92699e-07	7.39826e-10	4.09986e-07	3.11698e-09	2.4399e-05	6.40482e-10	-3.05663e-07	-1.33503e-09	1.21747e-06	1.45378e-06	0.00174156	-3.44605e-07	3.02536e-06	1.84886e-06	2.77276e-05	6.08306e-05	0.00208583	-8.43395e-06	2.27186e-05	2.16512e-05	0.00112769	0.000343099	9.0023e-05	-3.71327e-05	-6.06076e-05	-1.85569e-05	0.00052115	0.000188943	3.41317e-05	-1.59097e-05	-2.39452e-05	-8.71801e-06
6	1	1.34586e-07	1.03899e-09	1.0495e-05	1.49566e-10	-7.52281e-08	-2.45217e-10	6.29489e-08	3.33199e-10	8.19824e-06	2.09667e-11	5.52464e-08	2.71215e-10	4.67187e-06	6.90916e-06	0.000602469	-1.17541e-06	4.16852e-06	2.55617e-06	9.89683e-06	1.50819e-05	0.000641721	-3.03318e-06	3.1464e-06	6.12236e-06	0.000862475	0.000189179	0.000114021	2.4581e-05	6.32434e-05	-1.25743e-05	0.000288022	7.43594e-05	4.49958e-05	-7.41446e-06	-1.87352e-05	-4.68673e-06
6	2	5.07787e-07	3.98485e-09	3.60998e-05	-1.20238e-10	-4.28538e-07	-2.21482e-09	6.41329e-07	5.7656e-08	4.30143e-05	2.77027e-09	-4.24114e-07	-5.96373e-09	7.83927e-07	2.28053e-06	0.00552069	-1.85245e-09	2.26315e-08	-4.84879e-06	5.3733e-07	3.69539e-06	0.00237804	-4.37123e-10	5.7862e-09	1.50058e-05	0.00111203	0.000457655	9.74627e-05	-5.28193e-05	-6.15982e-05	-2.3527e-05	0.000609051	0.000269856	4.04922e-05	-2.45686e-05	2.92937e-05	1.2469e-05
7	1	1.08682e-07	5.61665e-10	1.06104e-05	2.78273e-12	8.96012e-08	3.2454e-10	1.81697e-07	1.11421e-09	1.3549e-05	9.36647e-11	1.60787e-07	6.78957e-10	1.55439e-05	2.03461e-05	0.000618676	-2.44539e-06	1.81297e-06	-7.0049e-06	1.45898e-06	1.88277e-06	0.00082857	-4.94791e-07	2.03317e-06	2.68636e-06	0.000920218	0.000160089	0.000105768	-2.8559e-05	-7.36555e-05	-1.16007e-05	0.000518193	0.000125785	0.000108038	-1.76291e-05	-4.21093e-05	-1.11575e-05
7	2	4.21154e-07	4.35515e-09	4.2938e-05	2.30657e-09	2.89978e-07	1.15067e-09	9.30415e-07	5.99036e-09	7.29939e-05	2.42319e-10	8.62163e-07	1.75868e-09	2.32919e-05	6.49136e-05	0.00300953	-1.11051e-07	1.27518e-07	3.48396e-05	0.000330286	0.000226295	0.00349337	-5.4982e-05	0.000106393	0.000121313	0.00209029	0.000635679	0.000127174	-8.51994e-05	0.000107912	3.2965e-05	0.00111392	0.000418315	7.07946e-05	-2.76915e-05	-2.99811e-05	-1.27061e-05
8	1	9.31367e-08	6.35919e-10	1.17237e-05	3.8218e-10	7.68823e-08	2.73701e-10	8.76538e-08	3.63981e-10	1.0152e-05	3.34609e-10	6.33093e-08	-3.17659e-12	6.97347e-07	9.16359e-07	0.000358845	-2.69046e-07	1.36834e-06	1.91828e-06	3.28024e-06	6.23287e-06	0.000418177	-1.24319e-06	3.54284e-06	7.96543e-06	0.000856472	0.000194263	4.39201e-05	-3.23962e-05	4.00349e-05	9.00308e-06	0.000463678	7.91791e-05	2.3846e-05	-1.09568e-05	2.19373e-05	2.92343e-06
8	2	1.00145e-06	7.10151e-09	5.64866e-05	1.75537e-08	6.7648e-07	-1.26076e-09	1.0751e-06	2.87912e-09	0.000101842	1.416e-11	9.09252e-07	3.61018e-11	1.3095e-05	4.95249e-05	0.00542936	-5.53698e-08	1.07038e-07	5.41255e-05	1.04228e-23	5.10496e-22	0.000838008	-9.8357e-27	-3.6869e-20	6.09081e-17	0.00201588	0.000480075	7.63046e-05	1.15179e-05	2.69845e-05	1.05396e-05	0.00123204	0.000403606	9.08095e-06	-4.01937e-05	-1.98972e-05	-6.57039e-06
9	1	7.65116e-08	6.9971e-10	1.05793e-05	-3.21905e-10	5.53007e-08	-2.28056e-10	3.9159e-08	3.14125e-10	9.77106e-06	3.19659e-10	2.71569e-08	-2.96945e-11	6.45855e-07	6.59878e-06	0.000471124	-1.17173e-09	1.64658e-10	-3.76789e-06	1.90483e-07	9.10863e-07	0.000488974	-1.89061e-08	2.78708e-08	2.20258e-06	0.00109072	0.000181065	2.9629e-05	-2.71929e-05	-2.78277e-05	-2.34895e-06	0.000545383	0.000105495	1.27097e-05	-1.38282e-05	-1.30224e-05	-2.2191e-06
9	2	7.82568e-09	6.70815e-11	7.54122e-05	-3.26241e-11	7.40514e-08	3.45523e-10	4.24312e-22	1.32607e-23	0.00276407	1.34462e-24	4.39729e-15	-1.46393e-17	5.92682e-06	1.56404e-05	0.00447351	-2.0189e-06	-1.05527e-05	-2.81717e-05	6.64878e-06	0.000247119	0.00789459	3.68016e-10	5.08814e-08	0.000356477	0.00503292	0.00106997	8.63706e-05	-9.88193e-05	-9.95356e-05	-1.02842e-05	0.00132692	0.000233571	2.32098e-06	-3.02647e-08	-1.56182e-08	-1.81133e-06
10	1	2.82305e-09	3.50723e-11	1.08177e-05	2.4373e-11	7.739e-09	1.63726e-10	3.96959e-08	4.863e-10	1.86023e-05	4.82531e-10	2.82095e-08	1.87988e-10	1.2785e-17	3.57317e-18	0.00161328	-9.07763e-19	-3.49962e-12	-2.09864e-12	1.57194e-06	3.14416e-06	0.000423595	-5.96946e-07	7.83139e-07	2.11032e-06	0.0100325	0.000318288	6.13197e-06	-1.82131e-06	-1.31932e-06	-6.58719e-06	9.20846e-05	0.000314632	3.74563e-06	-9.98313e-06	2.83015e-06	2.38048e-06
10	2	7.97959e-07	2.78514e-08	0.00209047	5.95187e-08	4.05027e-06	7.67942e-07	8.60055e-23	1.98639e-24	0.00344341	4.58567e-24	3.94657e-16	-2.2885e-17	3.89199e-06	1.23545e-05	0.00250553	-1.77864e-06	4.72879e-06	1.90232e-05	0.000668566	0.000447433	0.0170925	-6.57903e-06	-1.03557e-05	0.000536472	0.0108605	0.00225998	0.000493902	-0.000172058	-0.000536549	-9.28949e-05	2.60536	0.000388449	1.40913e-11	-1.09636e-05	-6.60757e-07	-7.84891e-11
11	1	2.59405e-08	3.95829e-10	1.12566e-05	-1.73152e-10	2.06802e-08	-1.30478e-10	1.39119e-08	2.0675e-10	1.54702e-05	-1.7285e-11	2.56629e-08	-5.28452e-10	1.50499e-08	6.98696e-07	0.000271823	-2.429e-08	8.60113e-08	1.17042e-06	5.36042e-09	3.66409e-07	0.000295709	-1.04227e-08	3.59522e-08	1.03375e-06	0.00160801	0.000234186	1.71154e-05	-3.57926e-05	-3.19664e-05	-3.36385e-06	0.000921199	0.000169108	3.74794e-06	-1.03e-07	4.46929e-08	2.20772e-06
11	2	4.77941e-17	7.40483e-19	0.0011517	1.50295e-18	3.96537e-14	-5.45158e-16	4.55488e-08	2.39857e-11	7.17506e-08	1.03696e-09	2.49686e-11	5.6906e-13	0.000278391	0.00101453	0.00965013	-0.000107519	7.45885e-05	0.000476617	2.00565e-22	1.11212e-20	0.026362	-1.3026e-24	1.32872e-17	5.74793e-14	0.0255506	0.000552404	0.00230257	-2.75164e-07	0.00179445	1.11316e-07	0.000857763	0.00254759	2.24875e-05	-2.09656e-10	-1.83358e-08	-5.31903e-08
12	1	1.18558e-08	2.42258e-10	8.53493e-06	1.58429e-10	1.00804e-08	7.24998e-11	1.3196e-17	2.12694e-19	1.62387e-05	1.75637e-19	-3.47655e-15	-1.0108e-16	4.18237e-06	3.21546e-06	0.000208408	-1.0174e-06	1.1229e-06	2.35736e-06	4.09843e-08	1.46281e-07	0.000197691	1.54527e-08	-7.89177e-08	2.07103e-07	0.00134023	0.000193261	1.73935e-05	-3.30794e-05	2.08168e-05	2.76007e-06	0.000483439	0.00010229	3.03936e-06	3.77622e-06	-3.53951e-06	-7.64962e-07
12	2	2.98332e-06	6.16999e-08	0.000581915	-6.04765e-09	-3.80547e-06	-9.33608e-08	1.85198e-17	7.72278e-19	5.4987e-05	1.48901e-18	-4.63887e-16	-1.19301e-16	4.89273e-20	1.51793e-20	0.00309698	4.30403e-21	2.75376e-16	-7.80792e-16	0.00169657	0.00223709	0.0141482	-0.000869101	-0.000262158	-0.000507543	0.00226302	0.00144023	0.000152961	6.14124e-09	4.30201e-07	3.12856e-07	0.00486729	0.00104557	0.000947237	-0.000133112	0.000481936	9.78552e-05
13	1	4.44414e-10	5.71976e-12	0.00011213	4.79449e-12	-1.14069e-08	-3.14891e-10	8.24082e-08	1.38033e-09	3.57394e-05	1.71858e-09	5.22021e-08	-7.37507e-10	6.58617e-29	1.80309e-28	2.24888e-05	-2.52198e-29	1.22673e-21	4.04876e-21	1.73047e-07	4.7045e-07	0.00027223	-5.44792e-08	1.77855e-07	5.5701e-07	0.00189981	0.000342772	1.37326e-05	-5.28895e-05	2.87794e-05	5.1592e-06	0.000986857	0.000184148	4.00982e-06	-2.19521e-05	-9.73368e-06	-1.59754e-06
13	2	3.01749e-14	2.74223e-16	7.47709e-05	-2.22957e-18	4.63204e-13	8.14054e-17	0.000101204	8.47695e-07	0.00192037	3.90346e-09	2.03466e-05	-1.36791e-09	8.34827e-25	4.99352e-25	0.00266765	-1.1163e-25	1.45279e-18	2.0303e-18	1.06398e-18	3.83089e-18	0.0143343	-3.50257e-19	5.41452e-15	2.48596e-14	0.00562212	0.0212836	0.00244299	-1.1862e-06	1.44548e-06	0.00132734	0.010701	0.00273813	0.00188684	-0.000205208	-0.00115679	-0.000262232
14	1	6.35505e-08	1.31017e-09	2.51754e-05	6.93329e-10	2.22088e-08	5.99898e-10	1.48784e-22	3.32664e-24	1.65797e-05	-2.09257e-25	3.75467e-17	1.09898e-18	5.14958e-07	6.43497e-07	0.000148061	-1.28452e-07	3.69465e-07	4.38383e-07	2.70979e-16	3.7597e-16	4.08318e-05	-6.35723e-17	3.12255e-12	4.81272e-12	0.00201026	0.000263594	3.6004e-05	4.31925e-05	4.61728e-05	-6.08619e-06	0.00356389	0.000201004	6.46418e-06	-1.28888e-06	7.82139e-07	2.37958e-06
14	2	0	0	0	0	0	0	0.000243223	7.2188e-07	0.000429639	1.65625e-10	1.67292e-05	-3.69291e-11	0	0	0	0	0	0	0	0	0	0	0	0	0.0426718	0.0490531	0.0659233	-0.00650333	0.0105632	0.0131256	0.0174498	0.00129573	0.00963689	0.000238047	5.29547e-05	0.000291697
