0	1	0.922551	0	0.0774488	0.915173	0	0.0848267	0.25	0.25	0.25	0.25	0.25	0.25	0.25	0.25	0.25	0.25	0.25	0.25
0	2	0.928116	0	0.0718841	0.920968	0	0.0790319	0.25	0.25	0.25	0.25	0.25	0.25	0.25	0.25	0.25	0.25	0.25	0.25
1	1	0.9581	0	0.0419003	0.956975	0	0.0430247	0.25	0.25	0.25	0.25	0.25	0.25	0	0	0	0	0	0
1	2	0.958054	0	0.041946	0.957026	0	0.0429743	0.25	0.25	0.25	0.25	0.25	0.25	0	0	0	0	0	0
2	1	0.963655	0	0.0363446	0.964805	0	0.0351945	0.156757	0.00266146	0.840582	0.0812693	0.00243064	0.9163	0.241686	1.12763e-09	0.758314	0.133041	0	0.866959
2	2	0.964092	0	0.0359081	0.964216	0	0.0357842	0.13271	0.00323688	0.864053	0.0641177	0.00174423	0.934138	0.438264	6.95627e-13	0.561736	0.119157	0	0.880843
3	1	0.966405	0.000545112	0.0329668	0.967296	0.000630878	0.0320729	0.0972436	0.586049	0.312482	0.0530847	0.594363	0.349946	0.174309	0.00918122	0.816509	0.162193	0.0265225	0.809983
3	2	0.965975	0.000671419	0.0332384	0.967047	0.000747719	0.0322057	0.0800103	0.627836	0.288692	0.0394159	0.620444	0.338322	0.157293	0.00795694	0.83475	0.155644	0.0289295	0.81375
4	1	0.971644	0.00117111	0.0267889	0.971528	0.00187892	0.0265932	0.0555388	0.836292	0.105667	0.0360601	0.80625	0.157075	0.135816	0.023779	0.837686	0.112405	0.0459371	0.841658
4	2	0.970685	0.00151356	0.0273604	0.972901	0.00208816	0.0250107	0.0477879	0.844336	0.105067	0.0271581	0.822088	0.150754	0.112613	0.0248298	0.858787	0.103596	0.0462038	0.8502
5	1	0.974766	0.00153143	0.0230983	0.970365	0.00130489	0.0281087	0.0788659	0.871635	0.0484891	0.0541538	0.905588	0.0385492	0.142275	0.0443186	0.810371	0.140118	0.0305732	0.827389
5	2	0.974729	0.0015477	0.0232021	0.969162	0.00179319	0.0288175	0.0831498	0.878845	0.0380049	0.0521452	0.902568	0.0435628	0.131744	0.0480191	0.818335	0.11636	0.0379466	0.843841
6	1	0.973743	0.00263917	0.0228785	0.980611	0.000967493	0.018422	0.0255064	0.938922	0.0335457	0.0599275	0.878881	0.0604599	0.140589	0.0623562	0.788432	0.138466	0.0513108	0.806397
6	2	0.972998	0.00257867	0.0235971	0.978985	0.000819758	0.0201957	0.0119158	0.956967	0.0290489	0.0411726	0.90378	0.0537519	0.128901	0.0620857	0.801839	0.122094	0.0513187	0.822865
7	1	0.979101	0.0012885	0.0194145	0.973333	0.000510317	0.0259384	0.0130855	0.915089	0.0686454	0.014188	0.942543	0.0432694	0.150645	0.0433033	0.796972	0.160346	0.0664395	0.767074
7	2	0.97927	0.00136061	0.0192061	0.972954	0.000426855	0.0261554	0.00150753	0.928216	0.068401	0.017991	0.924502	0.0575066	0.137419	0.0441256	0.809293	0.142954	0.0626939	0.78891
8	1	0.978573	0.00121904	0.0200661	0.980493	0.000472626	0.0183089	0.0287574	0.945114	0.0226524	0.0247296	0.93137	0.0427082	0.0950503	0.0463454	0.856466	0.0887363	0.0209437	0.884725
8	2	0.97721	0.00114674	0.0215108	0.980357	0.00017918	0.0189655	0.0227963	0.948567	0.0254447	0.00932759	0.955135	0.0326451	0.0910313	0.0448398	0.860985	0.0732396	0.0229216	0.898622
9	1	0.981936	0.00278361	0.0122834	0.986639	0.00110663	0.00901795	1.08865e-07	0.968078	0.0319222	4.82179e-10	0.96533	0.015268	0.0727096	0.0165939	0.897291	0.0431934	0.0177629	0.92593
9	2	0.982914	0.00305356	0.0112438	0.987475	0.00101	0.00851675	0.00207172	0.966009	0.0319195	3.41921e-09	0.965548	0.0182061	0.0687989	0.0165332	0.901485	0.0349497	0.0173298	0.935778
10	1	0.98273	0.00465575	0.0016652	0.981683	0.00391311	0.00487788	0.0101246	0.958846	5.42906e-05	0.0501934	0.905197	0.02495	4.71018e-06	0.00463811	0.97298	1.17238e-07	0.00955332	0.973476
10	2	0.982324	0.00514496	0.00162339	0.982903	0.00366724	0.0038323	0.0156516	0.954602	0.00253134	0.0437056	0.909594	0.0257242	1.68578e-07	0.00530768	0.969185	2.15323e-05	0.00569892	0.978554
11	1	0.980176	0.00430045	0.00590667	0.981347	0.00236831	0.00525804	0.0054752	0.936428	0.0183398	1.37418e-09	0.963211	0.00820942	0.0509859	0.0133648	0.923654	2.63193e-08	0.0111456	0.959644
11	2	0.980153	0.00490934	0.00559757	0.980618	0.00154394	0.00604131	0.0101793	0.931351	0.0235075	1.01206e-09	0.964729	0.00692027	0.056325	0.00972216	0.919843	1.8802e-13	0.00863422	0.962154
12	1	0.972092	0.0068707	0.00453886	0.984626	0.00620519	1.95038e-07	0.00386251	0.921438	0.0267679	0.0340325	0.897769	0.00785043	0.0352577	0.0123534	0.932856	0.0283123	0.0190687	0.937722
12	2	0.972156	0.00710182	0.00489912	0.983813	0.00696997	2.75448e-08	0.00226997	0.922918	0.0258755	0.0375581	0.891751	0.00997489	0.027983	0.0110409	0.93822	0.0395897	0.0188411	0.927654
13	1	0.976182	0.00242334	8.42942e-05	0.952986	0.00539686	0.00763667	0.0657024	0.822922	1.05042e-07	0.025557	0.870948	0.00986355	0.0046585	0.0125566	0.950663	0.0191617	0.0154939	0.953124
13	2	0.975918	0.00238097	3.86617e-08	0.952371	0.00581919	0.00778198	0.0705219	0.819576	9.2155e-10	0.0276372	0.868951	0.00980958	3.5884e-10	0.0159686	0.952719	0.0235591	0.0216386	0.942788
14	1	0.928897	0.00568816	0.0066669	0.924893	0.00534094	4.39869e-08	0.130006	0.531487	0.0137652	0.196547	0.470297	1.3262e-09	0.0524386	0.0260269	0.909402	4.74466e-08	0.0284083	0.953653
14	2	0.92813	0.00507533	0.00790477	0.923662	0.00586765	7.00487e-07	0.123126	0.535383	0.0138795	0.195314	0.466709	4.99995e-09	0.0456614	0.0277624	0.914372	2.27993e-10	0.0298789	0.953944
