0	1	0.920205	0	0.0797954	0.919912	0	0.0800884	0.25	0.25	0.25	0.25	0.25	0.25	0.25	0.25	0.25	0.25	0.25	0.25
0	2	0.925166	0	0.0748344	0.925753	0	0.0742467	0.25	0.25	0.25	0.25	0.25	0.25	0.25	0.25	0.25	0.25	0.25	0.25
1	1	0.956735	0	0.0432645	0.957094	0	0.042906	0.25	0.25	0.25	0.25	0.25	0.25	0	0	0	0	0	0
1	2	0.956248	0	0.043752	0.957164	0	0.0428363	0.25	0.25	0.25	0.25	0.25	0.25	0	0	0	0	0	0
2	1	0.963446	6.75344e-06	0.0365475	0.965891	0	0.0341093	0.105673	0.00528465	0.889042	0.106362	0.00544925	0.888188	0.481778	0.000723444	0.517498	0.121165	9.65626e-11	0.878835
2	2	0.961895	8.20524e-06	0.038097	0.964966	0	0.0350336	0.0952827	0.00575614	0.898961	0.0930794	0.00574266	0.901178	0.479042	0.000915716	0.520042	0.115385	6.16571e-10	0.884615
3	1	0.969606	0.000500415	0.029789	0.97177	0.000644547	0.0275171	0.0629466	0.6089	0.325963	0.0643665	0.608008	0.325504	0.166027	0.0236933	0.810279	0.15052	0.0212695	0.827457
3	2	0.967564	0.000592888	0.0317188	0.970595	0.000668655	0.0286542	0.0458645	0.645229	0.306873	0.048979	0.641018	0.307921	0.150664	0.0262819	0.823054	0.141031	0.02409	0.83403
4	1	0.972688	0.00152086	0.0253979	0.972941	0.00106638	0.0259815	0.0278709	0.873846	0.0963192	0.0514774	0.849294	0.0960489	0.144694	0.0261285	0.825181	0.117937	0.0396257	0.841613
4	2	0.969961	0.00177046	0.0278518	0.971243	0.00134435	0.0274027	0.0285859	0.880652	0.0886255	0.0385096	0.867837	0.0908865	0.132321	0.0280432	0.836124	0.105898	0.0442733	0.848728
5	1	0.974316	0.00190707	0.0234137	0.974589	0.00176903	0.0233118	0.0158008	0.930316	0.0512359	0.0238346	0.927549	0.0461522	0.150079	0.0410825	0.80592	0.133662	0.0298997	0.833354
5	2	0.972168	0.00220684	0.0252084	0.972878	0.00215025	0.024627	0.00524947	0.942287	0.0502957	0.0208725	0.932972	0.0440949	0.137036	0.043282	0.816834	0.120847	0.032124	0.843956
6	1	0.976172	0.00220677	0.02128	0.979917	0.00172138	0.0178412	0.0193316	0.945247	0.0339838	0.033045	0.926861	0.0378912	0.146021	0.0601508	0.787582	0.137408	0.047866	0.81116
6	2	0.973498	0.00226319	0.0238344	0.978169	0.00192054	0.0193725	0.0128466	0.95188	0.0339504	0.0243449	0.936184	0.0373675	0.13443	0.0608435	0.79938	0.124896	0.0492761	0.822939
7	1	0.981046	0.00162987	0.0169723	0.979824	0.00211093	0.0175932	0.00336729	0.970656	0.0252215	0.00544193	0.955731	0.037381	0.164383	0.0569806	0.769078	0.133676	0.0577458	0.801378
7	2	0.979369	0.00177698	0.0184704	0.977929	0.0022022	0.0192751	0.00669502	0.965251	0.0274182	0.00526341	0.949818	0.0436458	0.146502	0.0591106	0.784747	0.120798	0.056556	0.816731
8	1	0.982879	0.00148482	0.0149909	0.98253	0.00117268	0.0155914	0.0134789	0.959424	0.0234831	0.0148342	0.958114	0.0245465	0.103623	0.0388825	0.849368	0.0927845	0.0366789	0.863892
8	2	0.98103	0.00152107	0.0167913	0.98156	0.00115983	0.0164271	0.00758058	0.962621	0.0268532	0.00746504	0.965564	0.0243559	0.0923156	0.0383635	0.861888	0.0839197	0.0358135	0.874152
9	1	0.983486	0.00276525	0.00955134	0.986118	0.0027567	0.0072703	0.0122114	0.966108	0.0148141	0.00456753	0.962746	0.0219176	0.053194	0.0246036	0.907459	0.0537761	0.0158423	0.913251
9	2	0.982374	0.00287598	0.0103457	0.98543	0.00287301	0.00747349	0.0139261	0.964255	0.0143265	1.39191e-07	0.970747	0.0193827	0.0509628	0.0245243	0.910836	0.0474361	0.0155988	0.919663
10	1	0.985845	0.00319051	0.00410239	0.987372	0.00243503	0.00280892	0.0296254	0.946233	0.00998579	0.0319837	0.933226	0.0159923	0.0323858	0.0085513	0.939718	0.0226357	0.0079392	0.955581
10	2	0.98586	0.002923	0.00415602	0.986764	0.00232906	0.00313256	0.0268349	0.950016	0.0099022	0.0265887	0.938777	0.0157832	0.0285233	0.00920728	0.942802	0.021481	0.00710959	0.957211
11	1	0.983357	0.00431833	0.00450232	0.979419	0.00487976	0.00729945	0.0233722	0.940899	0.0111742	0.0311557	0.930791	0.0136759	0.0409045	0.00775539	0.937529	0.0205748	0.00907872	0.951153
11	2	0.983148	0.00425646	0.00442721	0.978645	0.00486693	0.00780489	0.0251453	0.93957	0.0116158	0.027788	0.935555	0.0120466	0.0404787	0.00661109	0.938479	0.0175285	0.00927373	0.953819
12	1	0.971941	0.0083418	0.00588909	0.973704	0.00753627	0.00614379	0.0167813	0.913796	0.0124587	0.0462179	0.885603	0.0116791	0.0273737	0.0125718	0.946838	0.0289835	0.00928968	0.946272
12	2	0.971576	0.00833314	0.00604786	0.97412	0.00724963	0.00614021	0.015859	0.914781	0.0121365	0.0465068	0.884078	0.0116604	0.0292198	0.014109	0.942356	0.0297607	0.00875342	0.945864
13	1	0.957992	0.00846749	0.00475939	0.956181	0.00981584	0.00442291	0.0693339	0.787021	0.00818171	0.0633992	0.799652	0.00744835	0.00410223	0.0143916	0.956734	0.0197731	0.0241296	0.939915
13	2	0.958216	0.00854414	0.00482436	0.955988	0.00989139	0.00430622	0.0712359	0.783236	0.00872209	0.0609724	0.80188	0.00847135	0.00568935	0.0155845	0.95486	0.0232862	0.0260536	0.935046
14	1	0.920546	0.0135733	0.0031693	0.921138	0.0100201	0.00243849	0.160984	0.522647	0.00878069	0.152491	0.531766	0.0116557	0.0172457	0.0250079	0.941924	0.017489	0.0183346	0.945393
14	2	0.920989	0.0130949	0.00336955	0.921375	0.0101555	0.00230608	0.159805	0.523215	0.00877199	0.151609	0.532564	0.0116297	0.0165453	0.0261193	0.942213	0.0148778	0.019029	0.947426
