0	1	5.29184e-08	0	1.87782e-06	-0	7.32194e-08	0	5.29184e-08	0	1.87782e-06	-0	7.32194e-08	0	0	0	0	0	0	0	0	0	0	0	0	0	0	0	0	0	0	0	0	0	0	0	0	0
0	2	4.62072e-08	0	1.16952e-06	-0	9.68281e-08	-0	4.62072e-08	0	1.16952e-06	-0	9.68281e-08	-0	0	0	0	0	0	0	0	0	0	0	0	0	0	0	0	0	0	0	0	0	0	0	0	0
1	1	1.06155e-08	0	6.31707e-07	0	1.23861e-08	-0	1.06155e-08	0	6.31707e-07	0	1.23861e-08	-0	0	0	0	0	0	0	0	0	0	0	0	0	-nan	-nan	-nan	-nan	-nan	-nan	-nan	-nan	-nan	-nan	-nan	-nan
1	2	6.44972e-09	0	3.84762e-07	-0	7.58228e-09	0	6.44972e-09	0	3.84762e-07	-0	7.58228e-09	0	0	0	0	0	0	0	0	0	0	0	0	0	-nan	-nan	-nan	-nan	-nan	-nan	-nan	-nan	-nan	-nan	-nan	-nan
2	1	6.73484e-09	0	4.37677e-07	-0	6.2689e-09	0	6.73484e-09	0	4.37677e-07	-0	6.2689e-09	0	0.000170734	9.31519e-07	2.97146e-06	-9.91373e-08	6.4019e-07	-3.78773e-08	0.000322972	5.61997e-07	1.25511e-06	-3.53769e-07	6.61167e-06	-1.78048e-09	0.00124799	0	6.28892e-05	-0	0.000142917	0	0.00124799	0	6.28892e-05	-0	0.000142917	0
2	2	4.17096e-09	0	2.75458e-07	0	3.69544e-09	-0	4.17096e-09	0	2.75458e-07	0	3.69544e-09	-0	0.000112291	5.82733e-07	1.74945e-06	-7.71769e-08	6.85821e-07	-2.12264e-08	0.000253825	4.50602e-07	1.09907e-06	-3.25242e-07	6.00516e-06	-4.21466e-09	0.000809666	0	4.04087e-05	-0	9.7197e-05	0	0.000809666	0	4.04087e-05	-0	9.7197e-05	0
3	1	8.52884e-09	2.06922e-11	7.45539e-07	2.42072e-12	6.81725e-09	7.19108e-12	8.52884e-09	2.06922e-11	7.45539e-07	2.42072e-12	6.81725e-09	7.19108e-12	3.17215e-05	2.04041e-05	7.09056e-05	-5.57898e-06	5.51324e-06	1.25911e-06	3.17591e-05	2.04275e-05	7.09079e-05	-5.58553e-06	5.51352e-06	1.25424e-06	0.000118985	1.61373e-05	8.44813e-06	-1.78041e-06	5.6549e-06	6.90829e-07	0.000118985	1.61373e-05	8.44813e-06	-1.78041e-06	5.6549e-06	6.90829e-07
3	2	5.36201e-09	1.3191e-11	4.68583e-07	1.5212e-12	-4.30948e-09	-4.67642e-12	5.36201e-09	1.3191e-11	4.68583e-07	1.5212e-12	-4.30948e-09	-4.67642e-12	1.94182e-05	1.25686e-05	4.43238e-05	-3.47677e-06	3.42596e-06	8.79751e-07	1.9447e-05	1.25833e-05	4.43184e-05	-3.4791e-06	3.43676e-06	8.69952e-07	7.36454e-05	1.01982e-05	5.23613e-06	-1.10761e-06	-3.55824e-06	-4.42353e-07	7.36454e-05	1.01982e-05	5.23613e-06	-1.10761e-06	-3.55824e-06	-4.42353e-07
4	1	1.0298e-08	6.91423e-11	1.33823e-06	1.09199e-11	-8.75835e-09	-2.69656e-11	1.0298e-08	6.91423e-11	1.33823e-06	1.09199e-11	-8.75835e-09	-2.69656e-11	4.24769e-06	3.54967e-06	0.000127218	-5.74292e-07	4.55338e-07	-1.18966e-06	4.24865e-06	3.58117e-06	0.000127329	-5.74474e-07	4.38195e-07	-1.22617e-06	0.000164397	3.26135e-05	1.38011e-05	-3.94485e-06	9.24835e-06	1.62967e-06	0.000164326	3.2608e-05	1.37989e-05	-3.95174e-06	9.25265e-06	1.63047e-06
4	2	6.58793e-09	4.55929e-11	8.38123e-07	7.89881e-12	-5.54765e-09	-1.72729e-11	6.58793e-09	4.55929e-11	8.38123e-07	7.89881e-12	-5.54765e-09	-1.72729e-11	9.48959e-07	2.29001e-06	4.11174e-05	-2.64265e-07	4.18297e-07	2.93449e-07	2.57947e-06	2.16012e-06	7.9703e-05	-3.44672e-07	2.65359e-07	-7.19839e-07	0.000102647	2.07402e-05	8.40916e-06	-2.49492e-06	5.69037e-06	1.02405e-06	0.000102622	2.07368e-05	8.4105e-06	-2.49734e-06	-5.69661e-06	-1.025e-06
5	1	9.66898e-09	5.50212e-11	1.04029e-06	3.27997e-12	8.04166e-09	2.68098e-11	9.66898e-09	5.50212e-11	1.04029e-06	3.27997e-12	8.04166e-09	2.68098e-11	2.68014e-07	3.77858e-07	5.6099e-05	-7.5224e-08	1.99916e-07	2.93821e-08	2.70627e-07	6.03833e-07	5.69487e-05	-5.95068e-08	1.69653e-07	-3.98801e-07	6.19164e-05	1.32295e-05	5.52394e-06	-1.43753e-06	3.51148e-06	6.82898e-07	7.00944e-05	1.47549e-05	6.30574e-06	-1.65215e-06	3.83523e-06	6.98151e-07
5	2	6.09657e-09	3.57083e-11	6.70195e-07	-1.468e-12	5.20223e-09	1.98125e-11	6.09657e-09	3.57083e-11	6.70195e-07	-1.468e-12	5.20223e-09	1.98125e-11	1.65583e-07	3.70368e-07	3.63801e-05	-3.62778e-08	1.03743e-07	-2.5176e-07	1.65937e-07	3.7137e-07	3.63391e-05	-3.66204e-08	1.06377e-07	-2.48835e-07	4.38515e-05	9.33899e-06	3.90359e-06	-1.03739e-06	-2.37418e-06	-4.37344e-07	4.38492e-05	9.33868e-06	3.902e-06	-1.03819e-06	-2.37646e-06	-4.38043e-07
6	1	1.00811e-08	6.93693e-11	1.21658e-06	1.63251e-11	7.84619e-09	2.11971e-11	1.00811e-08	6.93693e-11	1.21658e-06	1.63251e-11	7.84619e-09	2.11971e-11	1.49229e-07	2.45335e-07	5.75997e-05	-3.88225e-08	6.05582e-08	-7.9173e-08	1.34813e-07	1.98419e-07	5.3432e-05	-3.91173e-08	1.73684e-07	7.29762e-08	6.65367e-05	1.91029e-05	9.02637e-06	-2.35574e-06	4.78249e-06	1.24283e-06	5.18736e-05	1.53766e-05	6.84236e-06	-1.7857e-06	2.93521e-06	8.07631e-07
6	2	6.62774e-09	4.5801e-11	7.8503e-07	1.1313e-11	-5.1012e-09	-1.32674e-11	6.62774e-09	4.5801e-11	7.8503e-07	1.1313e-11	-5.1012e-09	-1.32674e-11	8.60718e-08	1.43337e-07	3.77097e-05	-2.21999e-08	4.19059e-08	-5.92774e-08	5.2287e-08	2.24926e-07	2.79365e-05	-3.02649e-08	5.52182e-08	1.72157e-07	4.21285e-05	1.22964e-05	5.67633e-06	-1.49124e-06	-3.0041e-06	-7.93815e-07	4.2106e-05	1.22936e-05	5.67393e-06	-1.49566e-06	3.00515e-06	7.94124e-07
7	1	1.09297e-08	9.95483e-11	1.60612e-06	4.45384e-11	8.37134e-09	2.39203e-11	1.09297e-08	9.95483e-11	1.60612e-06	4.45384e-11	8.37134e-09	2.39203e-11	3.41642e-08	5.69138e-08	5.69813e-05	-1.20778e-08	5.06031e-08	9.7447e-08	4.01253e-08	9.57534e-08	9.53874e-05	2.27553e-09	-4.50366e-07	-9.92603e-07	7.93806e-05	2.18158e-05	1.32402e-05	-1.81131e-06	3.72094e-06	7.06386e-07	6.35625e-05	1.81994e-05	9.74403e-06	-2.0026e-06	-4.42307e-06	-1.16643e-06
7	2	7.31079e-09	6.76315e-11	1.05158e-06	3.12089e-11	5.55809e-09	1.41853e-11	7.31079e-09	6.76315e-11	1.05158e-06	3.12089e-11	5.55809e-09	1.41853e-11	2.46814e-08	4.14383e-08	3.71635e-05	-8.68013e-09	3.35428e-08	6.55391e-08	2.4802e-08	4.1414e-08	3.71705e-05	-8.73848e-09	3.40353e-08	6.58152e-08	5.13812e-05	1.40932e-05	8.70893e-06	-9.80053e-07	1.91905e-06	2.88593e-07	5.05214e-05	1.39235e-05	8.34462e-06	-1.10732e-06	-2.24062e-06	-4.13947e-07
8	1	6.69231e-09	3.84564e-11	1.39143e-06	5.2647e-11	4.71495e-09	-2.74888e-11	6.69231e-09	3.84564e-11	1.39143e-06	5.2647e-11	4.71495e-09	-2.74888e-11	3.51433e-09	3.93584e-09	4.93269e-05	-1.29089e-09	1.7261e-08	1.88388e-08	7.01967e-09	2.44789e-09	3.07576e-05	-1.97342e-09	7.40149e-08	1.97438e-09	6.27153e-05	1.48382e-05	3.08255e-06	-1.22699e-06	-2.13702e-06	-4.92947e-07	8.41309e-05	1.978e-05	4.30834e-06	-2.6346e-06	3.37384e-06	6.7936e-07
8	2	4.48145e-09	2.62956e-11	9.15908e-07	3.5973e-11	3.13489e-09	-1.89288e-11	4.48145e-09	2.62956e-11	9.15908e-07	3.5973e-11	3.13489e-09	-1.89288e-11	2.14134e-09	3.25347e-09	3.25224e-05	-7.9168e-10	9.31467e-09	1.53245e-08	2.80714e-09	3.48435e-09	3.23843e-05	-1.03508e-09	1.17838e-08	1.50105e-08	5.41089e-05	1.27084e-05	2.69009e-06	-1.69176e-06	-2.13748e-06	-4.29765e-07	3.47272e-05	8.08254e-06	1.64144e-06	-3.50977e-07	-8.87534e-07	-2.17769e-07
9	1	5.85289e-09	5.92745e-11	1.87742e-06	5.16842e-11	4.93989e-09	2.19848e-11	5.85289e-09	5.92745e-11	1.87742e-06	5.16842e-11	4.93989e-09	2.19848e-11	1.65635e-10	8.39077e-09	5.15718e-05	-1.08092e-12	7.93696e-12	3.45367e-08	1.67157e-10	8.45674e-09	5.14349e-05	-5.29589e-13	3.85646e-12	3.45238e-08	7.59162e-05	1.55372e-05	1.56213e-06	-1.23659e-06	1.49621e-06	3.15232e-07	8.71903e-05	1.79311e-05	1.78195e-06	-1.76164e-06	1.98709e-06	3.92944e-07
9	2	3.95224e-09	4.05834e-11	1.23431e-06	3.52519e-11	3.29465e-09	1.4944e-11	3.95224e-09	4.05834e-11	1.23431e-06	3.52519e-11	3.29465e-09	1.4944e-11	6.12017e-11	4.94064e-09	3.39218e-05	-4.73415e-13	3.5292e-12	2.19035e-08	5.71417e-11	4.5328e-09	3.41983e-05	-4.31043e-13	3.57998e-12	2.05754e-08	7.23194e-05	1.48465e-05	1.50382e-06	-2.09619e-06	-1.9976e-06	-3.37605e-07	6.40827e-05	1.33059e-05	1.31364e-06	-1.67383e-06	-1.72868e-06	-3.18474e-07
10	1	3.88479e-09	4.39974e-11	3.23977e-06	-4.66484e-11	-4.75012e-09	6.69539e-11	3.88479e-09	4.39974e-11	3.23977e-06	-4.66484e-11	-4.75012e-09	6.69539e-11	5.45715e-08	2.56831e-07	5.58417e-05	-3.42003e-08	3.4013e-08	4.59168e-07	8.60455e-08	1.94954e-07	7.98146e-05	-3.34573e-08	7.29166e-08	2.20243e-07	0.000207071	3.68462e-05	1.5199e-06	-5.7175e-06	-2.95688e-06	-4.12301e-07	0.000179518	3.18553e-05	1.29198e-06	-4.20089e-06	2.57527e-06	3.74827e-07
10	2	2.41811e-09	2.52382e-11	1.81138e-06	2.15027e-11	1.97438e-09	2.16376e-11	2.41811e-09	2.52382e-11	1.81138e-06	2.15027e-11	1.97438e-09	2.16376e-11	5.10762e-08	1.51023e-07	5.52828e-05	-1.896e-08	2.52271e-09	2.48516e-08	5.71366e-08	1.3256e-07	5.30654e-05	-2.22237e-08	4.80281e-08	1.49301e-07	0.000133908	2.39533e-05	1.00208e-06	-3.59556e-06	1.77488e-06	2.43959e-07	0.000133966	2.39484e-05	1.00192e-06	3.5898e-06	-1.78054e-06	2.43914e-07
11	1	1.9148e-09	3.22908e-11	2.61588e-06	2.57346e-11	2.9789e-09	5.81568e-11	1.9148e-09	3.22908e-11	2.61588e-06	2.57346e-11	2.9789e-09	5.81568e-11	3.49012e-08	9.99248e-08	5.9333e-05	-1.45671e-08	2.25561e-08	9.94468e-08	3.4815e-08	1.00032e-07	5.9366e-05	-1.45635e-08	2.23231e-08	9.9032e-08	0.000188936	3.41309e-05	2.13686e-06	-1.17369e-06	3.52626e-06	1.16435e-07	0.000188936	3.41309e-05	2.13686e-06	-1.17369e-06	3.52626e-06	1.16435e-07
11	2	1.25449e-09	2.12307e-11	1.75838e-06	1.71231e-11	1.99763e-09	3.96927e-11	1.25449e-09	2.12307e-11	1.75838e-06	1.71231e-11	1.99763e-09	3.96927e-11	2.0176e-08	6.13552e-08	3.94922e-05	-8.44282e-09	1.34184e-08	6.3332e-08	1.73147e-08	5.43762e-08	3.86413e-05	-6.81e-09	1.46801e-08	6.7246e-08	0.00012259	1.21572e-05	1.39701e-06	5.79174e-07	-2.25066e-06	5.94909e-08	0.00012259	1.21572e-05	1.39701e-06	5.79174e-07	-2.25066e-06	5.94909e-08
12	1	1.51479e-08	2.66483e-10	3.58966e-06	2.47629e-10	5.97847e-09	-4.93866e-11	1.51479e-08	2.66483e-10	3.58966e-06	2.47629e-10	5.97847e-09	-4.93866e-11	4.60417e-08	1.40584e-07	3.90692e-05	-1.89462e-08	3.45276e-08	1.49793e-07	4.62338e-08	1.40166e-07	3.90474e-05	-1.93175e-08	3.56447e-08	1.54555e-07	0.000169381	3.93914e-05	1.15367e-06	-5.33821e-06	2.21041e-06	3.71888e-07	0.000169381	3.93914e-05	1.15367e-06	-5.33821e-06	2.21041e-06	3.71888e-07
12	2	1.036e-08	1.81171e-10	2.39169e-06	-1.74446e-10	3.82533e-09	4.47247e-11	1.036e-08	1.81171e-10	2.39169e-06	-1.74446e-10	3.82533e-09	4.47247e-11	3.03705e-08	9.57625e-08	2.65176e-05	-1.1425e-08	1.33555e-08	6.21516e-08	3.01397e-08	9.1543e-08	2.61239e-05	-1.24686e-08	2.35231e-08	1.01383e-07	0.000112294	2.61064e-05	7.51706e-07	-3.55636e-06	-1.45941e-06	-2.47114e-07	0.00011227	2.60995e-05	7.52063e-07	-3.55373e-06	-1.46099e-06	-2.47315e-07
13	1	7.03847e-09	1.35754e-10	5.69582e-06	9.7326e-11	5.58342e-09	1.23861e-10	7.03847e-09	1.35754e-10	5.69582e-06	9.7326e-11	5.58342e-09	1.23861e-10	7.11909e-08	2.18635e-07	3.83891e-05	-2.79671e-08	2.52037e-08	1.1752e-07	7.07857e-08	2.10553e-07	3.77874e-05	-3.03154e-08	4.34635e-08	1.87562e-07	0.00024713	5.38712e-05	3.12997e-06	-5.94914e-06	3.58993e-06	6.30092e-07	0.000204161	4.28759e-05	2.44404e-06	-1.11329e-06	-1.80034e-06	-3.87043e-07
13	2	4.53825e-09	8.6145e-11	3.81216e-06	6.50435e-11	3.54717e-09	7.85457e-11	4.53825e-09	8.6145e-11	3.81216e-06	6.50435e-11	3.54717e-09	7.85457e-11	4.89895e-08	1.47653e-07	2.54007e-05	-2.06204e-08	2.61749e-08	1.15536e-07	4.73313e-08	1.50718e-07	2.51835e-05	-2.14368e-08	2.8326e-08	1.32138e-07	0.000187472	3.99337e-05	2.63327e-06	-5.80429e-06	-2.84599e-06	-3.48009e-07	0.000184917	4.03117e-05	2.77917e-06	-5.6034e-06	2.54991e-06	2.55036e-07
14	1	2.30309e-08	4.10902e-10	7.75529e-06	4.07004e-10	-1.88164e-09	-1.66701e-10	2.30309e-08	4.10902e-10	7.75529e-06	4.07004e-10	-1.88164e-09	-1.66701e-10	1.4017e-07	2.39492e-07	4.33652e-05	-3.4746e-08	9.77279e-08	1.83797e-07	1.39914e-07	2.3832e-07	4.29068e-05	-3.43503e-08	9.68791e-08	1.81041e-07	0.000305465	4.69572e-05	8.24874e-06	5.73106e-06	4.86583e-06	-4.04776e-07	0.000305465	4.69572e-05	8.24874e-06	5.73106e-06	4.86583e-06	-4.04776e-07
14	2	9.92314e-09	2.60677e-10	5.09185e-06	9.89675e-11	6.33281e-09	1.40113e-10	9.92314e-09	2.60677e-10	5.09185e-06	9.89675e-11	6.33281e-09	1.40113e-10	9.33901e-08	1.59501e-07	2.89105e-05	-2.31393e-08	6.51367e-08	1.22442e-07	9.33028e-08	1.59525e-07	2.88836e-05	-2.31426e-08	6.5006e-08	1.2237e-07	0.000202892	3.10324e-05	5.18851e-06	-4.15564e-06	3.92151e-06	3.73376e-07	0.000202795	3.10308e-05	5.10693e-06	-4.14283e-06	3.98675e-06	3.71423e-07
